681 436 280.410004
66
4 238
12 88
14 629
17 344
21 289
49 633
71 230
77 86
81 474
87 465
88 417
92 559
107 327
121 287
157 25
170 19
174 600
187 298
198 358
228 142
235 659
241 381
242 553
245 477
282 317
295 407
313 299
315 329
330 272
345 294
361 394
372 510
373 534
384 323
391 307
402 123
410 409
411 537
413 210
416 335
418 454
443 79
461 195
476 234
479 518
484 220
495 405
504 570
518 519
521 215
529 12
533 478
541 596
543 17
551 408
559 365
563 576
571 159
585 694
601 301
613 453
633 540
654 263
662 287
689 316
691 570
