416 4 395.381500
77
1 465
4 479
13 30
14 334
17 3
30 171
45 165
46 141
59 95
63 351
72 289
79 493
83 168
88 93
94 219
99 267
106 152
112 250
113 384
116 163
121 408
124 75
133 485
137 421
141 89
145 308
148 262
151 62
156 214
158 366
159 350
163 31
172 197
175 232
190 365
195 200
226 255
247 382
248 193
252 203
255 233
272 482
275 196
279 402
296 75
297 268
305 21
306 79
317 370
322 405
328 242
331 130
334 480
337 80
339 51
341 422
354 388
355 165
369 336
370 455
375 383
406 187
411 486
429 80
431 271
434 204
436 132
446 27
452 86
458 326
462 82
463 172
471 308
473 278
480 426
483 236
493 398

